task       | Kimi | Jev  | 2k:Kimi-lbl human | big:Kimi-lbl human | best student - Jev
banking77  | 81.6 | 79.4 |  72.2 (3)  81.0 (3) |  79.5 (3)  91.5 (3) |  +0.1
clinc      | 91.1 | 88.2 |  63.0 (3)  65.3 (3) |  83.5 (3)  85.2 (3) |  -4.7
massive_en | 86.4 | 82.3 |  74.9 (3)  76.4 (3) |  80.4 (3)  85.0 (3) |  -1.9
massive_fr | 86.0 | 80.0 |  66.7 (3)  68.2 (3) |  78.0 (3)  79.4 (3) |  -2.0
trec       | 77.4 | 84.2 |  68.8 (3)  82.5 (3) |  73.9 (3)  89.9 (3) | -10.3
agnews     | 87.4 | 87.0 |  84.8 (3)  87.3 (3) |    –  (0)    –  (0) |  -2.2
sst5       | 53.8 | 59.3 |  39.4 (3)  36.2 (3) |    –  (0)    –  (0) | -19.9
fpb        | 81.5 | 78.6 |  75.3 (3)  79.3 (3) |    –  (0)    –  (0) |  -3.2
ledgar     | 78.5 | 76.0 |  69.9 (3)  71.4 (3) |  76.3 (3)  83.4 (3) |  +0.3
hate       | 71.3 | 75.0 |  58.3 (3)  49.0 (3) |    –  (0)    –  (0) | -16.7
